0.000000 -0.160649 0.183876 0.338791 -0.225298 0.025710 -0.164816 0.040331 0.176078 0.242272 0.023494 -0.159575 0.265305 0.262919 0.098380 0.010166 0.007473 0.159961 -0.011482 0.098456 -0.186629 0.132522 -0.068317 -0.239821 0.019454 -0.186389 0.138925 -0.085777 0.264830 0.140564
-0.160649 0.000000 -0.088046 0.437323 -0.009394 -0.178980 -0.061725 0.132718 -0.256545 -0.034133 -0.560559 0.059077 0.115790 -0.006640 -0.000971 -0.097182 -0.136810 -0.028559 0.063540 0.024302 -0.362168 -0.080339 0.198541 -0.097592 -0.196636 0.505790 0.154380 0.129480 0.247623 -0.226133
0.183876 -0.088046 0.000000 0.201813 -0.210639 0.098437 -0.170979 0.121250 -0.158764 0.212799 0.145878 -0.039806 -0.191370 -0.307827 -0.071411 0.198005 -0.225300 0.423216 -0.292210 0.269516 0.007296 -0.042389 -0.130878 -0.242631 -0.176351 -0.027558 0.186490 0.085427 0.002674 0.026402
0.338791 0.437323 0.201813 0.000000 0.242972 0.193923 -0.071795 0.052069 -0.200559 -0.146273 0.198852 -0.218844 0.291070 -0.013347 -0.074460 -0.007500 0.000818 0.360562 -0.075387 0.241318 -0.211669 -0.122164 0.396443 0.112278 -0.009030 -0.103998 0.207101 0.350910 -0.234886 0.043195
-0.225298 -0.009394 -0.210639 0.242972 0.000000 0.004036 0.003474 -0.245486 -0.170424 -0.027968 0.069117 -0.221462 0.238757 0.113257 0.392443 0.310632 0.141769 0.086082 0.226863 0.129734 0.087358 -0.283495 -0.130257 -0.319557 -0.147603 -0.083704 -0.364778 0.088083 -0.024578 0.032937
0.025710 -0.178980 0.098437 0.193923 0.004036 0.000000 0.172279 0.204505 0.124499 0.396305 0.066536 -0.334839 -0.062926 0.119764 -0.078153 -0.240823 0.279928 0.017018 -0.071642 0.247021 0.175530 0.053681 -0.162746 0.034528 0.022024 0.057739 0.164877 0.069882 0.030049 0.036807
-0.164816 -0.061725 -0.170979 -0.071795 0.003474 0.172279 0.000000 0.143799 -0.256419 -0.057213 -0.165299 0.011117 0.184088 -0.080323 0.038946 0.042443 -0.327617 -0.011245 0.293243 0.114102 0.084999 0.127743 -0.087524 -0.003577 0.145592 0.096109 0.129725 -0.175224 -0.226455 -0.345566
0.040331 0.132718 0.121250 0.052069 -0.245486 0.204505 0.143799 0.000000 -0.183779 0.103761 -0.006005 0.017190 -0.424775 -0.118564 0.049893 -0.370954 -0.323639 0.090687 0.073300 -0.319579 -0.165777 -0.304151 0.206599 -0.117077 0.063775 -0.224484 -0.391193 -0.132160 0.090759 0.024435
0.176078 -0.256545 -0.158764 -0.200559 -0.170424 0.124499 -0.256419 -0.183779 0.000000 -0.053865 0.040789 -0.036537 0.180615 -0.222308 -0.334196 -0.136619 0.050198 -0.241347 -0.192452 0.362414 -0.048746 0.282966 0.157143 0.061218 0.246330 0.129067 0.345583 0.272304 0.042179 0.029985
0.242272 -0.034133 0.212799 -0.146273 -0.027968 0.396305 -0.057213 0.103761 -0.053865 0.000000 -0.192906 -0.352337 -0.041177 -0.271496 0.042265 -0.251559 0.148259 -0.116122 -0.172223 0.166302 0.026739 -0.263066 -0.232018 0.032903 0.106133 0.413324 0.052052 -0.113626 -0.182769 0.119415
0.023494 -0.560559 0.145878 0.198852 0.069117 0.066536 -0.165299 -0.006005 0.040789 -0.192906 0.000000 -0.204436 0.232743 0.200222 -0.152266 -0.342417 -0.170006 -0.101889 -0.159077 0.350665 0.014637 0.247745 -0.035615 0.118804 -0.166358 -0.092310 -0.055868 0.049056 -0.065448 0.058618
-0.159575 0.059077 -0.039806 -0.218844 -0.221462 -0.334839 0.011117 0.017190 -0.036537 -0.352337 -0.204436 0.000000 0.100883 -0.080562 0.010702 -0.204083 -0.267701 0.211441 0.218249 -0.150354 0.080837 -0.107582 -0.026665 -0.106903 0.147513 0.067690 -0.378430 -0.258654 -0.170837 -0.347600
0.265305 0.115790 -0.191370 0.291070 0.238757 -0.062926 0.184088 -0.424775 0.180615 -0.041177 0.232743 0.100883 0.000000 -0.243794 -0.014483 0.352067 0.228705 0.023148 0.001302 0.263778 0.100710 0.044031 -0.129054 0.044412 -0.369976 -0.133691 0.257344 0.121640 0.180072 -0.065375
0.262919 -0.006640 -0.307827 -0.013347 0.113257 0.119764 -0.080323 -0.118564 -0.222308 -0.271496 0.200222 -0.080562 -0.243794 0.000000 -0.164547 0.247922 -0.214803 0.333318 0.255010 0.190782 0.197730 -0.076814 -0.161072 0.097688 -0.202244 -0.207898 -0.065859 -0.148129 0.134149 -0.354325
0.098380 -0.000971 -0.071411 -0.074460 0.392443 -0.078153 0.038946 0.049893 -0.334196 0.042265 -0.152266 0.010702 -0.014483 -0.164547 0.000000 0.088435 0.066041 -0.135402 0.098016 -0.108364 -0.068223 -0.201779 -0.431954 0.039801 -0.004194 0.095421 0.094510 0.230712 0.162886 0.168316
0.010166 -0.097182 0.198005 -0.007500 0.310632 -0.240823 0.042443 -0.370954 -0.136619 -0.251559 -0.342417 -0.204083 0.352067 0.247922 0.088435 0.000000 -0.059829 0.004058 0.003018 -0.276482 -0.195950 0.049575 -0.028237 0.379815 -0.273844 -0.206637 0.151768 -0.011275 -0.041497 0.381672
0.007473 -0.136810 -0.225300 0.000818 0.141769 0.279928 -0.327617 -0.323639 0.050198 0.148259 -0.170006 -0.267701 0.228705 -0.214803 0.066041 -0.059829 0.000000 -0.345244 0.064978 -0.216356 -0.128047 -0.098167 -0.082355 0.060533 -0.019553 0.015685 0.033491 -0.095742 -0.121875 0.197956
0.159961 -0.028559 0.423216 0.360562 0.086082 0.017018 -0.011245 0.090687 -0.241347 -0.116122 -0.101889 0.211441 0.023148 0.333318 -0.135402 0.004058 -0.345244 0.000000 0.023025 0.052317 -0.041152 0.290383 -0.023248 -0.215452 0.168116 -0.061616 -0.147019 -0.073753 0.256261 -0.014280
-0.011482 0.063540 -0.292210 -0.075387 0.226863 -0.071642 0.293243 0.073300 -0.192452 -0.172223 -0.159077 0.218249 0.001302 0.255010 0.098016 0.003018 0.064978 0.023025 0.000000 0.004526 -0.058831 0.072790 -0.057788 0.298590 0.020525 0.063030 -0.306643 -0.202774 -0.159024 -0.130080
0.098456 0.024302 0.269516 0.241318 0.129734 0.247021 0.114102 -0.319579 0.362414 0.166302 0.350665 -0.150354 0.263778 0.190782 -0.108364 -0.276482 -0.216356 0.052317 0.004526 0.000000 -0.353947 -0.153943 -0.107559 0.184242 0.320826 0.052010 0.091475 -0.329817 0.074101 -0.153566
-0.186629 -0.362168 0.007296 -0.211669 0.087358 0.175530 0.084999 -0.165777 -0.048746 0.026739 0.014637 0.080837 0.100710 0.197730 -0.068223 -0.195950 -0.128047 -0.041152 -0.058831 -0.353947 0.000000 0.169182 -0.208261 -0.050018 -0.253710 -0.047413 -0.132108 0.269820 0.164061 0.175083
0.132522 -0.080339 -0.042389 -0.122164 -0.283495 0.053681 0.127743 -0.304151 0.282966 -0.263066 0.247745 -0.107582 0.044031 -0.076814 -0.201779 0.049575 -0.098167 0.290383 0.072790 -0.153943 0.169182 0.000000 -0.332206 0.023820 0.200455 -0.319997 -0.328711 -0.000066 -0.261280 0.015437
-0.068317 0.198541 -0.130878 0.396443 -0.130257 -0.162746 -0.087524 0.206599 0.157143 -0.232018 -0.035615 -0.026665 -0.129054 -0.161072 -0.431954 -0.028237 -0.082355 -0.023248 -0.057788 -0.107559 -0.208261 -0.332206 0.000000 -0.006813 0.268359 -0.078724 0.051863 -0.062941 0.198071 0.158640
-0.239821 -0.097592 -0.242631 0.112278 -0.319557 0.034528 -0.003577 -0.117077 0.061218 0.032903 0.118804 -0.106903 0.044412 0.097688 0.039801 0.379815 0.060533 -0.215452 0.298590 0.184242 -0.050018 0.023820 -0.006813 0.000000 -0.121769 0.257090 0.008336 -0.241476 0.098059 -0.097741
0.019454 -0.196636 -0.176351 -0.009030 -0.147603 0.022024 0.145592 0.063775 0.246330 0.106133 -0.166358 0.147513 -0.369976 -0.202244 -0.004194 -0.273844 -0.019553 0.168116 0.020525 0.320826 -0.253710 0.200455 0.268359 -0.121769 0.000000 0.002621 -0.053600 -0.072817 0.078469 -0.044580
-0.186389 0.505790 -0.027558 -0.103998 -0.083704 0.057739 0.096109 -0.224484 0.129067 0.413324 -0.092310 0.067690 -0.133691 -0.207898 0.095421 -0.206637 0.015685 -0.061616 0.063030 0.052010 -0.047413 -0.319997 -0.078724 0.257090 0.002621 0.000000 0.126389 0.143968 -0.156178 0.202530
0.138925 0.154380 0.186490 0.207101 -0.364778 0.164877 0.129725 -0.391193 0.345583 0.052052 -0.055868 -0.378430 0.257344 -0.065859 0.094510 0.151768 0.033491 -0.147019 -0.306643 0.091475 -0.132108 -0.328711 0.051863 0.008336 -0.053600 0.126389 0.000000 0.080809 0.243351 0.033410
-0.085777 0.129480 0.085427 0.350910 0.088083 0.069882 -0.175224 -0.132160 0.272304 -0.113626 0.049056 -0.258654 0.121640 -0.148129 0.230712 -0.011275 -0.095742 -0.073753 -0.202774 -0.329817 0.269820 -0.000066 -0.062941 -0.241476 -0.072817 0.143968 0.080809 0.000000 0.222669 -0.137856
0.264830 0.247623 0.002674 -0.234886 -0.024578 0.030049 -0.226455 0.090759 0.042179 -0.182769 -0.065448 -0.170837 0.180072 0.134149 0.162886 -0.041497 -0.121875 0.256261 -0.159024 0.074101 0.164061 -0.261280 0.198071 0.098059 0.078469 -0.156178 0.243351 0.222669 0.000000 0.074938
0.140564 -0.226133 0.026402 0.043195 0.032937 0.036807 -0.345566 0.024435 0.029985 0.119415 0.058618 -0.347600 -0.065375 -0.354325 0.168316 0.381672 0.197956 -0.014280 -0.130080 -0.153566 0.175083 0.015437 0.158640 -0.097741 -0.044580 0.202530 0.033410 -0.137856 0.074938 0.000000
